precision: [1.0, 1.0, 1.0, 1.0, 1.0, 1.0, 1.0, 1.0, 1.0, 0.9, 0.8181818, 0.75, 0.6923077, 0.64285713, 0.6666667, 0.625]
recall: [0.0625, 0.125, 0.1875, 0.25, 0.3125, 0.375, 0.4375, 0.5, 0.5625, 0.5625, 0.5625, 0.5625, 0.5625, 0.5625, 0.625, 0.625]