precision: [1.0, 1.0, 1.0, 0.75, 0.8, 0.8333333, 0.85714287, 0.75, 0.7777778, 0.7, 0.6363636, 0.5833333, 0.53846157, 0.5, 0.53333336, 0.5]
recall: [0.0625, 0.125, 0.1875, 0.1875, 0.25, 0.3125, 0.375, 0.375, 0.4375, 0.4375, 0.4375, 0.4375, 0.4375, 0.4375, 0.5, 0.5]