precision: [1.0, 1.0, 1.0, 1.0, 1.0, 1.0, 1.0, 1.0, 1.0, 1.0, 1.0, 0.9166667, 0.9230769, 0.85714287, 0.8666667, 0.8125]
recall: [0.0625, 0.125, 0.1875, 0.25, 0.3125, 0.375, 0.4375, 0.5, 0.5625, 0.625, 0.6875, 0.6875, 0.75, 0.75, 0.8125, 0.8125]